32
5
North Babylon A
Elpida Manolas
Lakeyah Jackson
Sam Keller
Priya Singh
5
North Babylon B
Thomas Bruggeman
Gabrielle Jean-Baptiste
Antionos Manolas
Sercan Gokturk
4
North Babylon C
Spiros Manolas
Ryan Elwood
Eren Gokturk
6
Holmdel A
Kevin Song
Seehanah Tang
Krishna Kallakuri
Will Shullich
Sam Friedman
6
Holmdel B
Alan Wu
Bill Zhang
Vanessa Belotti
Ayan Lateef
Eliot Gunawardana
5
East Brunswick A
Rishi Banerjee
Luca Hsu
Atharva Acharya
Jackson Lee
4
East Brunswick B
Sagnik Chowdhury
Aabir Rashid
Dylan Ye
5
East Brunswick C
Christine Chang
Aniket Das
Benjamin Hong
Chinmay Sahasrabudhe
5
Allied A
James Tang
Rudra Amin
Jovial Joseph
Amol Shirodar
6
Allied B
Lily Barnett
Ralph Jin
Adam Weiss
Daniela Gonzalez
Armaan Pruthi
5
Hunter A
Asher Jaffe
Benjamin Chapman
Daniel Ma
Pedro Orduz
4
Hunter B
Bianca Dwork
Ian Lu
Maggie Kwan
4
Hunter C
Cerulean Ozarow
Ella Leeds
Daniel Shneider
5
Livingston A
Jonathan Ackerman
Jennifer Zhang
Rosa Xia
Carolyn Meng
4
Livingston B
Harry Kawai
Jason Selvin
Ian Hurrel
4
Livingston C
Veena Nambi
Michelle Jojy
Kush Vachher
5
Marlboro A
Nidhish Sharma
Adam Abuseini
Jacob Groysman
Raphael Meng
4
Marlboro B
Arianna Mota
Ryan Centanni
Matthew Cyktor
5
Biotech A
Mia Bersalona
Eddie Capell
Jonas Simmons
Dean Johnson
6
Biotech B
Kavineshar Nakkeeran
Sophie Delforzo
Kushal Battadaryya
Alexis Giglio
Dylan Kemmerer
6
Biotech C
Nithik Chintalacheruvu
James Lavery
Zachary Layfield
Om Bilar
Anita Osuri
3
Seven Gables
Sidhu Arakkal
Sam Alws
3
Mango Street
Lucia Tian
Andrew Somers
5
St. Joseph's A
Michael Ettore
Matthew Furnell
Giovanni Young
John Gorman
5
St. Joseph's B
Christian Vazquez
Francisco Vazquez
Francisco Tellez
Matthew San-Miguel
4
Tenafly A
Andrew Hau
Juno Lee
Jerry Fang
4
Tenafly B
Lukas Spitz-Chapman
Hank Jennings
Will Kaminski
6
West Egg A
Noah Sheidlower
Andersen Gu
Ethan Vainrib
Daniel Lu
Sammy Katzman
4
West Egg B
Brandon Huang
Kathryn Lee
Jack Lenga
4
Mather
John Phipps
Kiran Ebrahimi
Tristan Ebrahimi
5
Mountain Lakes A
Ryan Shanker
Maimoonah Shafqat
Conrad Lewis
Kanay Shah
5
Mountain Lakes B
Olivia Agatep
Alex Chen
Max Lin
Janaki Menta
32
0
18
25
-5
440
20
1
0
0
18
260
0
0
0
0
0
0
0
1
0
0
0
0
0
0
1
0
6
1
0
55
1
1
0
0
0
0
0
1
1
2
8
1
0
105
2
1
0
0
0
0
0
2
1
0
2
0
0
20
3
1
0
0
1
0
-5
-1
0
0
0
0
0
0
-1
0
0
0
0
0
0
-1
0
0
0
0
0
0
-1
0
0
0
0
0
0
-1
0
0
0
0
0
0
-1
0
0
0
0
0
0
-1
0
0
0
0
0
0
-1
0
0
0
0
0
0
-1
0
0
0
0
0
0
1
3
24
100
55
20
1
7
30
5
20
0
0
0
0
0
0
0
1
0
4
0
0
40
0
1
0
2
2
0
10
1
0
0
0
0
0
0
1
1
0
3
1
0
25
2
1
0
1
0
0
10
2
1
0
0
0
0
0
3
1
0
2
0
0
20
3
1
0
0
0
0
0
4
1
0
0
0
0
0
-1
0
0
0
0
0
0
-1
0
0
0
0
0
0
-1
0
0
0
0
0
0
-1
0
0
0
0
0
0
-1
0
0
0
0
0
0
-1
0
0
0
0
0
0
-1
0
0
0
0
0
0
2
0
10
20
565
20
1
1
10
17
360
0
0
0
0
0
0
0
1
0
1
0
0
10
0
1
1
1
0
0
25
1
1
0
0
0
0
0
1
1
2
1
0
0
40
2
1
0
0
0
0
0
2
1
6
5
2
0
130
3
1
0
0
0
0
0
3
1
0
1
0
0
10
-1
0
0
0
0
0
0
-1
0
0
0
0
0
0
-1
0
0
0
0
0
0
-1
0
0
0
0
0
0
-1
0
0
0
0
0
0
-1
0
0
0
0
0
0
-1
0
0
0
0
0
0
-1
0
0
0
0
0
0
3
22
31
110
140
20
1
5
70
7
80
0
0
0
0
0
0
0
1
0
2
1
0
15
0
1
0
0
1
0
-5
1
1
0
3
1
0
25
1
1
0
0
0
0
0
-1
0
0
0
0
0
0
2
1
0
3
1
0
25
-1
0
0
0
0
0
0
3
1
1
3
1
0
40
-1
0
0
0
0
0
0
-1
0
0
0
0
0
0
-1
0
0
0
0
0
0
-1
0
0
0
0
0
0
-1
0
0
0
0
0
0
-1
0
0
0
0
0
0
-1
0
0
0
0
0
0
-1
0
0
0
0
0
0
4
27
20
630
10
20
1
18
430
1
10
0
0
0
0
0
0
0
1
4
7
1
0
125
0
0
0
0
0
0
0
1
1
2
4
0
0
70
1
1
0
0
0
0
0
2
1
0
0
1
0
-5
2
1
0
0
0
0
0
3
0
0
0
0
0
0
3
1
0
1
2
0
0
4
1
0
1
0
0
10
4
1
0
0
0
0
0
-1
0
0
0
0
0
0
-1
0
0
0
0
0
0
-1
0
0
0
0
0
0
-1
0
0
0
0
0
0
-1
0
0
0
0
0
0
-1
0
0
0
0
0
0
5
6
23
185
250
20
1
7
120
10
150
0
0
0
0
0
0
0
1
0
0
0
0
0
0
1
0
3
0
0
30
1
1
1
2
1
0
30
1
1
1
1
2
0
15
2
1
0
4
1
0
35
2
1
2
3
1
0
55
-1
0
0
0
0
0
0
3
1
0
0
0
0
0
-1
0
0
0
0
0
0
-1
0
0
0
0
0
0
-1
0
0
0
0
0
0
-1
0
0
0
0
0
0
-1
0
0
0
0
0
0
-1
0
0
0
0
0
0
-1
0
0
0
0
0
0
-1
0
0
0
0
0
0
6
21
15
65
190
20
1
4
50
10
90
0
0
0
0
0
0
0
1
0
2
1
0
15
0
1
0
9
0
0
90
1
1
1
1
5
0
0
1
1
0
1
0
0
10
-1
0
0
0
0
0
0
2
1
0
0
0
0
0
-1
0
0
0
0
0
0
-1
0
0
0
0
0
0
-1
0
0
0
0
0
0
-1
0
0
0
0
0
0
-1
0
0
0
0
0
0
-1
0
0
0
0
0
0
-1
0
0
0
0
0
0
-1
0
0
0
0
0
0
-1
0
0
0
0
0
0
-1
0
0
0
0
0
0
7
1
30
100
175
20
1
4
60
9
100
0
0
0
0
0
0
0
1
0
0
0
0
0
0
1
1
0
1
0
10
1
1
0
1
0
0
10
1
1
1
2
1
0
30
2
1
0
3
0
0
30
2
1
0
3
2
0
20
3
1
0
0
0
0
0
3
1
0
2
1
0
15
-1
0
0
0
0
0
0
-1
0
0
0
0
0
0
-1
0
0
0
0
0
0
-1
0
0
0
0
0
0
-1
0
0
0
0
0
0
-1
0
0
0
0
0
0
-1
0
0
0
0
0
0
-1
0
0
0
0
0
0
8
8
28
60
270
20
1
3
30
11
170
0
0
0
0
0
0
0
1
0
1
0
0
10
0
1
1
5
4
0
45
1
1
1
1
1
0
20
1
1
1
4
0
0
55
2
1
0
0
0
0
0
2
1
0
0
0
0
0
3
1
0
0
0
0
0
-1
0
0
0
0
0
0
-1
0
0
0
0
0
0
-1
0
0
0
0
0
0
-1
0
0
0
0
0
0
-1
0
0
0
0
0
0
-1
0
0
0
0
0
0
-1
0
0
0
0
0
0
-1
0
0
0
0
0
0
-1
0
0
0
0
0
0
9
5
2
450
50
20
1
15
300
3
20
0
0
0
0
0
0
0
1
4
8
2
0
130
0
1
0
3
0
0
30
1
1
0
0
0
0
0
1
1
0
0
0
0
0
2
1
0
1
1
0
5
2
1
0
0
0
0
0
3
1
0
2
1
0
15
-1
0
0
0
0
0
0
-1
0
0
0
0
0
0
-1
0
0
0
0
0
0
-1
0
0
0
0
0
0
-1
0
0
0
0
0
0
-1
0
0
0
0
0
0
-1
0
0
0
0
0
0
-1
0
0
0
0
0
0
-1
0
0
0
0
0
0
10
17
4
75
210
20
1
4
40
10
130
0
0
0
0
0
0
0
1
0
1
1
0
5
0
1
0
6
4
0
40
1
1
0
2
0
0
20
1
1
0
1
0
0
10
2
1
0
1
0
0
10
2
1
0
1
0
0
10
-1
0
0
0
0
0
0
3
0.5
0
2
0
0
20
-1
0
0
0
0
0
0
4
0.5
0
0
0
0
0
-1
0
0
0
0
0
0
-1
0
0
0
0
0
0
-1
0
0
0
0
0
0
-1
0
0
0
0
0
0
-1
0
0
0
0
0
0
-1
0
0
0
0
0
0
11
13
12
390
170
20
1
12
250
7
100
0
0
0
0
0
0
0
1
5
2
2
0
85
0
1
2
2
2
0
40
1
1
1
0
0
0
15
1
1
0
0
0
0
0
2
1
1
1
0
0
25
2
1
0
3
0
0
30
3
1
0
2
1
0
15
-1
0
0
0
0
0
0
-1
0
0
0
0
0
0
-1
0
0
0
0
0
0
-1
0
0
0
0
0
0
-1
0
0
0
0
0
0
-1
0
0
0
0
0
0
-1
0
0
0
0
0
0
-1
0
0
0
0
0
0
-1
0
0
0
0
0
0
12
9
26
55
210
20
1
4
30
10
110
0
0
0
0
0
0
0
0
0
0
0
0
0
0
1
1
4
1
0
50
1
1
0
3
2
0
20
1
1
0
2
0
0
20
2
1
0
1
0
0
10
2
1
0
3
0
0
30
3
1
0
0
1
0
-5
-1
0
0
0
0
0
0
4
1
0
0
0
0
0
-1
0
0
0
0
0
0
-1
0
0
0
0
0
0
-1
0
0
0
0
0
0
-1
0
0
0
0
0
0
-1
0
0
0
0
0
0
-1
0
0
0
0
0
0
-1
0
0
0
0
0
0
13
19
29
0
455
20
1
0
0
17
280
0
0
0
0
0
0
0
1
0
0
0
0
0
0
1
1
9
0
0
105
1
0
0
0
0
0
0
1
1
0
7
0
0
70
2
1
0
0
0
0
0
2
0
0
0
0
0
0
3
1
0
0
0
0
0
-1
0
0
0
0
0
0
4
1
0
0
0
0
0
-1
0
0
0
0
0
0
-1
0
0
0
0
0
0
-1
0
0
0
0
0
0
-1
0
0
0
0
0
0
-1
0
0
0
0
0
0
-1
0
0
0
0
0
0
-1
0
0
0
0
0
0
14
7
16
180
120
20
1
9
100
5
80
0
0
0
0
0
0
0
1
1
0
0
0
15
0
1
0
2
1
0
15
1
1
0
3
3
0
15
1
1
0
0
0
0
0
2
1
0
4
0
0
40
2
1
0
0
0
0
0
3
1
0
1
0
0
10
3
1
0
3
1
0
25
-1
0
0
0
0
0
0
-1
0
0
0
0
0
0
-1
0
0
0
0
0
0
-1
0
0
0
0
0
0
-1
0
0
0
0
0
0
-1
0
0
0
0
0
0
-1
0
0
0
0
0
0
-1
0
0
0
0
0
0
15
11
14
255
160
20
1
10
160
8
80
0
0
0
0
0
0
0
1
1
1
2
0
15
0
1
0
3
0
0
30
1
1
1
6
0
0
75
1
1
0
5
0
0
50
2
1
0
1
1
0
5
2
1
0
0
0
0
0
-1
0
0
0
0
0
0
-1
0
0
0
0
0
0
-1
0
0
0
0
0
0
-1
0
0
0
0
0
0
-1
0
0
0
0
0
0
-1
0
0
0
0
0
0
-1
0
0
0
0
0
0
-1
0
0
0
0
0
0
-1
0
0
0
0
0
0
-1
0
0
0
0
0
0
16
22
18
30
285
20
2
3
0
13
150
0
0
0
0
0
0
0
1
0
1
0
0
10
0
1
0
0
0
0
0
1
1
0
2
0
0
20
1
1
0
2
0
0
20
-1
0
0
0
0
0
0
2
1
1
8
0
0
95
-1
0
0
0
0
0
0
3
1
0
2
0
0
20
-1
0
0
0
0
0
0
-1
0
0
0
0
0
0
-1
0
0
0
0
0
0
-1
0
0
0
0
0
0
-1
0
0
0
0
0
0
-1
0
0
0
0
0
0
-1
0
0
0
0
0
0
-1
0
0
0
0
0
0
17
25
31
420
90
20
2
15
270
5
40
0
0
0
0
0
0
0
1
0
4
1
0
35
0
1
0
0
0
0
0
1
1
1
6
2
0
65
1
1
0
0
0
0
0
2
1
2
2
0
0
50
2
1
0
1
1
0
5
-1
0
0
0
0
0
0
3
1
1
3
0
0
45
-1
0
0
0
0
0
0
-1
0
0
0
0
0
0
-1
0
0
0
0
0
0
-1
0
0
0
0
0
0
-1
0
0
0
0
0
0
-1
0
0
0
0
0
0
-1
0
0
0
0
0
0
-1
0
0
0
0
0
0
18
20
30
30
250
20
2
2
10
11
150
0
0
0
0
0
0
0
0
0
0
0
0
0
0
1
1
1
2
0
15
1
1
0
0
0
0
0
1
1
1
2
0
0
35
2
1
0
0
0
0
0
2
1
0
4
3
0
25
3
1
0
2
0
0
20
3
1
1
1
0
0
25
4
1
0
0
0
0
0
-1
0
0
0
0
0
0
-1
0
0
0
0
0
0
-1
0
0
0
0
0
0
-1
0
0
0
0
0
0
-1
0
0
0
0
0
0
-1
0
0
0
0
0
0
-1
0
0
0
0
0
0
19
27
1
540
15
20
2
16
370
1
10
0
0
0
0
0
0
0
1
3
4
1
0
80
0
1
0
0
0
0
0
1
1
1
2
1
0
30
1
1
0
0
0
0
0
2
1
0
4
1
0
35
2
1
0
0
1
0
-5
3
1
1
1
0
0
25
3
1
0
1
0
0
10
4
0
0
0
0
0
0
-1
0
0
0
0
0
0
-1
0
0
0
0
0
0
-1
0
0
0
0
0
0
-1
0
0
0
0
0
0
-1
0
0
0
0
0
0
-1
0
0
0
0
0
0
-1
0
0
0
0
0
0
20
8
12
15
480
20
2
1
10
16
320
0
0
0
0
0
0
0
1
0
0
0
0
0
0
1
1
12
1
0
130
1
1
0
0
1
0
-5
1
1
0
0
0
0
0
2
1
0
1
0
0
10
2
1
1
2
1
0
30
3
1
0
0
0
0
0
-1
0
0
0
0
0
0
-1
0
0
0
0
0
0
-1
0
0
0
0
0
0
-1
0
0
0
0
0
0
-1
0
0
0
0
0
0
-1
0
0
0
0
0
0
-1
0
0
0
0
0
0
-1
0
0
0
0
0
0
-1
0
0
0
0
0
0
21
5
4
360
125
20
2
12
230
6
70
0
0
0
0
0
0
0
1
4
2
1
0
75
0
1
0
3
1
0
25
1
1
0
2
0
0
20
1
0.5
0
0
0
0
0
2
1
0
1
2
0
0
2
0.5
0
0
0
0
0
3
1
3
0
2
0
35
3
1
0
3
0
0
30
-1
0
0
0
0
0
0
4
1
0
0
0
0
0
-1
0
0
0
0
0
0
-1
0
0
0
0
0
0
-1
0
0
0
0
0
0
-1
0
0
0
0
0
0
-1
0
0
0
0
0
0
-1
0
0
0
0
0
0
22
17
2
30
100
20
2
2
20
6
40
0
0
0
0
0
0
0
1
0
1
1
0
5
0
1
0
6
0
0
60
1
1
0
1
0
0
10
1
1
0
0
0
0
0
2
1
0
0
1
0
-5
2
1
0
0
0
0
0
-1
0
0
0
0
0
0
-1
0
0
0
0
0
0
-1
0
0
0
0
0
0
-1
0
0
0
0
0
0
-1
0
0
0
0
0
0
-1
0
0
0
0
0
0
-1
0
0
0
0
0
0
-1
0
0
0
0
0
0
-1
0
0
0
0
0
0
-1
0
0
0
0
0
0
23
26
14
90
260
20
2
6
40
9
160
0
0
0
0
0
0
0
1
1
2
3
0
20
0
1
0
2
0
0
20
1
1
1
1
0
0
25
1
1
1
1
1
0
20
2
1
0
1
1
0
5
2
1
2
3
0
0
60
-1
0
0
0
0
0
0
-1
0
0
0
0
0
0
-1
0
0
0
0
0
0
-1
0
0
0
0
0
0
-1
0
0
0
0
0
0
-1
0
0
0
0
0
0
-1
0
0
0
0
0
0
-1
0
0
0
0
0
0
-1
0
0
0
0
0
0
-1
0
0
0
0
0
0
24
13
28
450
120
20
2
15
290
5
80
0
0
0
0
0
0
0
1
4
5
3
0
95
0
1
0
5
1
0
45
1
1
0
2
0
0
20
1
1
0
0
1
0
-5
2
1
1
1
0
0
25
2
1
0
0
0
0
0
3
1
1
1
1
0
20
-1
0
0
0
0
0
0
-1
0
0
0
0
0
0
-1
0
0
0
0
0
0
-1
0
0
0
0
0
0
-1
0
0
0
0
0
0
-1
0
0
0
0
0
0
-1
0
0
0
0
0
0
-1
0
0
0
0
0
0
-1
0
0
0
0
0
0
25
3
10
35
605
20
2
3
10
16
420
0
0
0
0
0
0
0
1
0
1
1
0
5
0
1
1
2
2
0
25
1
0.5
0
0
0
0
0
1
1
0
1
1
0
5
2
1
0
2
0
0
20
2
1
6
3
1
0
115
3
1
0
0
0
0
0
3
1
2
1
0
0
40
4
0.5
0
0
0
0
0
-1
0
0
0
0
0
0
-1
0
0
0
0
0
0
-1
0
0
0
0
0
0
-1
0
0
0
0
0
0
-1
0
0
0
0
0
0
-1
0
0
0
0
0
0
-1
0
0
0
0
0
0
26
0
24
40
150
20
2
4
10
7
80
0
0
0
0
0
0
0
1
0
1
1
0
5
0
1
0
2
0
0
20
1
1
1
1
1
0
20
1
1
0
3
0
0
30
2
1
0
1
1
0
5
2
1
0
0
0
0
0
3
1
0
0
0
0
0
3
1
0
2
0
0
20
-1
0
0
0
0
0
0
-1
0
0
0
0
0
0
-1
0
0
0
0
0
0
-1
0
0
0
0
0
0
-1
0
0
0
0
0
0
-1
0
0
0
0
0
0
-1
0
0
0
0
0
0
-1
0
0
0
0
0
0
27
19
7
105
220
20
2
5
60
9
140
0
0
0
0
0
0
0
1
0
1
0
0
10
0
1
0
0
0
0
0
1
0.5
0
0
0
0
0
1
1
0
4
0
0
40
2
1
0
2
1
0
15
2
1
0
3
1
0
25
3
1
0
1
0
0
10
3
1
0
2
1
0
15
4
0.5
0
1
0
0
10
-1
0
0
0
0
0
0
-1
0
0
0
0
0
0
-1
0
0
0
0
0
0
-1
0
0
0
0
0
0
-1
0
0
0
0
0
0
-1
0
0
0
0
0
0
-1
0
0
0
0
0
0
28
29
16
355
5
20
2
13
230
2
0
0
0
0
0
0
0
0
1
3
5
4
0
75
0
1
0
0
1
0
-5
1
1
0
5
0
0
50
1
1
0
0
0
0
0
2
0
0
0
0
0
0
2
1
0
0
1
0
-5
-1
0
0
0
0
0
0
3
1
0
2
1
0
15
-1
0
0
0
0
0
0
-1
0
0
0
0
0
0
-1
0
0
0
0
0
0
-1
0
0
0
0
0
0
-1
0
0
0
0
0
0
-1
0
0
0
0
0
0
-1
0
0
0
0
0
0
-1
0
0
0
0
0
0
29
9
11
60
420
20
2
3
40
14
280
0
0
0
0
0
0
0
1
0
0
1
0
-5
0
1
1
5
1
0
60
1
1
0
3
1
0
25
1
1
0
8
0
0
80
2
0.5
0
0
0
0
0
2
1
0
0
0
0
0
3
0.5
0
0
0
0
0
-1
0
0
0
0
0
0
4
1
0
0
0
0
0
-1
0
0
0
0
0
0
-1
0
0
0
0
0
0
-1
0
0
0
0
0
0
-1
0
0
0
0
0
0
-1
0
0
0
0
0
0
-1
0
0
0
0
0
0
-1
0
0
0
0
0
0
30
6
15
255
115
20
2
12
120
5
70
0
0
0
0
0
0
0
1
1
0
1
0
10
0
1
0
2
1
0
15
1
1
3
5
1
0
90
1
1
0
3
0
0
30
2
1
1
2
0
0
35
2
1
0
0
0
0
0
-1
0
0
0
0
0
0
-1
0
0
0
0
0
0
-1
0
0
0
0
0
0
-1
0
0
0
0
0
0
-1
0
0
0
0
0
0
-1
0
0
0
0
0
0
-1
0
0
0
0
0
0
-1
0
0
0
0
0
0
-1
0
0
0
0
0
0
-1
0
0
0
0
0
0
31
21
23
40
320
20
2
3
20
12
200
0
0
0
0
0
0
0
1
0
1
1
0
5
0
1
1
6
2
0
65
1
1
0
2
1
0
15
1
1
0
1
0
0
10
-1
0
0
0
0
0
0
2
1
1
2
0
0
35
-1
0
0
0
0
0
0
3
1
0
1
0
0
10
-1
0
0
0
0
0
0
-1
0
0
0
0
0
0
-1
0
0
0
0
0
0
-1
0
0
0
0
0
0
-1
0
0
0
0
0
0
-1
0
0
0
0
0
0
-1
0
0
0
0
0
0
-1
0
0
0
0
0
0
1
1
3
0
1
2
254
0
1
1
1
1
1
1
0
1
1
QuBIT V




1
_rounds.html
_standings.html
_individuals.html
_games.html
_teamdetail.html
_playerdetail.html
_statkey.html

4
Das Rheingoldbach's Conjecture
Die Walkureal Projective Plane
Siegfriemann Hypothesis
Gotterdammergune-Kutta
32
0
1
2
0
2
2
1
3
2
3
0
3
2
2
3
1
3
2
0
3
1
1
0
1
0
0
3
1
2
3
1
0
15
10
-5
0
0
32
0
0
0
0
0
0
0
0
0
0
0
0
0
0
0
0
0
0
0
0
0
0
0
0
0
0
0
0
0
0
0
0
